255 255 255 255 255 255 255 255 255 255 255 255 255 255 255 255
255 255 255 255 255 255 255 255 255 255 255 255 255 255 255 255
255 255 255 255 255 255 255 255 255 255 255 255 255 255 255 255
255 255 255   1   0   0   0   0   0   0   0   0   0 254 255 255
255 255 255   0   0   0   0   0   0   0   0   0   0 255 255 255
255 255 255   0   0   0   0   0   0   0   0   0   0 255 255 255
255 255 255   0   0   0   0   0   0   0   0   0   0 255 255 255
255 255 255   0   0   0   0   0   0   0   0   0   0 255 255 255
255 255 255   0   0   0   0   0   0   0   0   0   0 255 255 255
255 255 255   0   0   0   0   0   0   0   0   0   0 255 255 255
255 255 255   0   0   0   0   0   0   0   0   0   0 255 255 255
255 255 255   0   0   0   0   0   0   0   0   0   0 255 255 255
255 255 255   0   0   0   0   0   0   0   0   0   0 255 255 255
255 255 255 254 255 255 255 255 255 255 255 255 255 254 255 255
255 255 255 255 255 255 255 255 255 255 255 255 255 255 255 255
255 255 255 255 255 255 255 255 255 255 255 255 255 255 255 254
255 255 255 255 255 255 255 255 255 255 255 255 255 255 255 255
255 255 255 255 255 255 255 255 255 255 255 255 255 255 255 255
255 255 255 255 255 255 255 255 255 255 255 255 255 255 255 255
255 255 255   1   0   0   0   0   0   0   0   0   0 254 255 255
255 255 255   0   0   0   0   0   0   0   0   0   0 255 255 255
255 255 255   0   0   0   0   0   0   0   0   0   0 255 255 255
255 255 255   0   0   0   0   0   0   0   0   0   0 255 255 255
255 255 255   0   0   0   0   0   0   0   0   0   0 255 255 255
255 255 255   0   0   0   0   0   0   0   0   0   0 255 255 255
255 255 255   0   0   0   0   0   0   0   0   0   0 255 255 255
255 255 255   0   0   0   0   0   0   0   0   0   0 255 255 255
255 255 255   0   0   0   0   0   0   0   0   0   0 255 255 255
255 255 255   0   0   0   0   0   0   0   0   0   0 255 255 255
255 255 255 254 255 255 255 255 255 255 255 255 255 254 255 255
255 255 255 255 255 255 255 255 255 255 255 255 255 255 255 255
255 255 255 255 255 255 255 255 255 255 255 255 255 255 255 254
255 255 255 255 255 255 255 255 255 255 255 255 255 255 255 255
255 255 255 255 255 255 255 255 255 255 255 255 255 255 255 255
255 255 255 255 255 255 255 255 255 255 255 255 255 255 255 255
255 255 255   1   0   0   0   0   0   0   0   0   0 254 255 255
255 255 255   0   0   0   0   0   0   0   0   0   0 255 255 255
255 255 255   0   0   0   0   0   0   0   0   0   0 255 255 255
255 255 255   0   0   0   0   0   0   0   0   0   0 255 255 255
255 255 255   0   0   0   0   0   0   0   0   0   0 255 255 255
255 255 255   0   0   0   0   0   0   0   0   0   0 255 255 255
255 255 255   0   0   0   0   0   0   0   0   0   0 255 255 255
255 255 255   0   0   0   0   0   0   0   0   0   0 255 255 255
255 255 255   0   0   0   0   0   0   0   0   0   0 255 255 255
255 255 255   0   0   0   0   0   0   0   0   0   0 255 255 255
255 255 255 254 255 255 255 255 255 255 255 255 255 254 255 255
255 255 255 255 255 255 255 255 255 255 255 255 255 255 255 255
255 255 255 255 255 255 255 255 255 255 255 255 255 255 255 254

229 245 245 245 245 245 245 245 245 245 245 245 245 245 245 241
238 255 254 255 255 255 255 255 255 255 255 255 255 254 255 251
238 255 253 251 252 252 252 252 252 252 252 252 252 251 254 252
238 255 253  65  27  27  27  27  27  27  27  27  39 248 255 252
238 255 253  43   0   0   0   0   0   0   0   0  13 248 255 252
238 255 253  43   0   0   0   0   0   0   0   0  13 248 255 252
238 255 253  43   0   0   0   0   0   0   0   0  13 248 255 252
238 255 253  43   0   0   0   0   0   0   0   0  13 248 255 252
238 255 253  43   0   0   0   0   0   0   0   0  13 248 255 252
238 255 253  43   0   0   0   0   0   0   0   0  13 248 255 252
238 255 253  43   0   0   0   0   0   0   0   0  13 248 255 252
238 255 253  43   0   0   0   0   0   0   0   0  13 248 255 252
238 255 252  62  23  23  23  23  23  23  23  23  35 247 254 252
238 255 253 252 252 252 252 252 252 252 252 252 252 253 254 252
238 255 255 255 255 255 255 255 255 255 255 255 255 255 255 252
230 246 246 246 246 246 246 246 246 246 246 246 246 246 246 243
229 245 245 245 245 245 245 245 245 245 245 245 245 245 245 241
238 255 254 255 255 255 255 255 255 255 255 255 255 254 255 251
238 255 253 251 252 252 252 252 252 252 252 252 252 251 254 252
238 255 253  65  27  27  27  27  27  27  27  27  39 248 255 252
238 255 253  43   0   0   0   0   0   0   0   0  13 248 255 252
238 255 253  43   0   0   0   0   0   0   0   0  13 248 255 252
238 255 253  43   0   0   0   0   0   0   0   0  13 248 255 252
238 255 253  43   0   0   0   0   0   0   0   0  13 248 255 252
238 255 253  43   0   0   0   0   0   0   0   0  13 248 255 252
238 255 253  43   0   0   0   0   0   0   0   0  13 248 255 252
238 255 253  43   0   0   0   0   0   0   0   0  13 248 255 252
238 255 253  43   0   0   0   0   0   0   0   0  13 248 255 252
238 255 252  62  23  23  23  23  23  23  23  23  35 247 254 252
238 255 253 252 252 252 252 252 252 252 252 252 252 253 254 252
238 255 255 255 255 255 255 255 255 255 255 255 255 255 255 252
230 246 246 246 246 246 246 246 246 246 246 246 246 246 246 243
229 245 245 245 245 245 245 245 245 245 245 245 245 245 245 241
238 255 254 255 255 255 255 255 255 255 255 255 255 254 255 251
238 255 253 251 252 252 252 252 252 252 252 252 252 251 254 252
238 255 253  65  27  27  27  27  27  27  27  27  39 248 255 252
238 255 253  43   0   0   0   0   0   0   0   0  13 248 255 252
238 255 253  43   0   0   0   0   0   0   0   0  13 248 255 252
238 255 253  43   0   0   0   0   0   0   0   0  13 248 255 252
238 255 253  43   0   0   0   0   0   0   0   0  13 248 255 252
238 255 253  43   0   0   0   0   0   0   0   0  13 248 255 252
238 255 253  43   0   0   0   0   0   0   0   0  13 248 255 252
238 255 253  43   0   0   0   0   0   0   0   0  13 248 255 252
238 255 253  43   0   0   0   0   0   0   0   0  13 248 255 252
238 255 252  62  23  23  23  23  23  23  23  23  35 247 254 252
238 255 253 252 252 252 252 252 252 252 252 252 252 253 254 252
238 255 255 255 255 255 255 255 255 255 255 255 255 255 255 252
230 246 246 246 246 246 246 246 246 246 246 246 246 246 246 243

241 251 252 252 252 252 252 252 252 252 252 252 252 252 252 243
245 255 254 255 255 255 255 255 255 255 255 255 254 254 255 246
245 254 251 248 248 248 248 248 248 248 248 248 247 253 255 246
245 255 252  39  13  13  13  13  13  13  13  13  35 252 255 246
245 255 252  27   0   0   0   0   0   0   0   0  23 252 255 246
245 255 252  27   0   0   0   0   0   0   0   0  23 252 255 246
245 255 252  27   0   0   0   0   0   0   0   0  23 252 255 246
245 255 252  27   0   0   0   0   0   0   0   0  23 252 255 246
245 255 252  27   0   0   0   0   0   0   0   0  23 252 255 246
245 255 252  27   0   0   0   0   0   0   0   0  23 252 255 246
245 255 252  27   0   0   0   0   0   0   0   0  23 252 255 246
245 255 252  27   0   0   0   0   0   0   0   0  23 252 255 246
245 255 251  65  43  43  43  43  43  43  43  43  62 252 255 246
245 254 253 253 253 253 253 253 253 253 253 253 252 253 255 246
245 255 255 255 255 255 255 255 255 255 255 255 255 255 255 246
229 238 238 238 238 238 238 238 238 238 238 238 238 238 238 230
241 251 252 252 252 252 252 252 252 252 252 252 252 252 252 243
245 255 254 255 255 255 255 255 255 255 255 255 254 254 255 246
245 254 251 248 248 248 248 248 248 248 248 248 247 253 255 246
245 255 252  39  13  13  13  13  13  13  13  13  35 252 255 246
245 255 252  27   0   0   0   0   0   0   0   0  23 252 255 246
245 255 252  27   0   0   0   0   0   0   0   0  23 252 255 246
245 255 252  27   0   0   0   0   0   0   0   0  23 252 255 246
245 255 252  27   0   0   0   0   0   0   0   0  23 252 255 246
245 255 252  27   0   0   0   0   0   0   0   0  23 252 255 246
245 255 252  27   0   0   0   0   0   0   0   0  23 252 255 246
245 255 252  27   0   0   0   0   0   0   0   0  23 252 255 246
245 255 252  27   0   0   0   0   0   0   0   0  23 252 255 246
245 255 251  65  43  43  43  43  43  43  43  43  62 252 255 246
245 254 253 253 253 253 253 253 253 253 253 253 252 253 255 246
245 255 255 255 255 255 255 255 255 255 255 255 255 255 255 246
229 238 238 238 238 238 238 238 238 238 238 238 238 238 238 230
241 251 252 252 252 252 252 252 252 252 252 252 252 252 252 243
245 255 254 255 255 255 255 255 255 255 255 255 254 254 255 246
245 254 251 248 248 248 248 248 248 248 248 248 247 253 255 246
245 255 252  39  13  13  13  13  13  13  13  13  35 252 255 246
245 255 252  27   0   0   0   0   0   0   0   0  23 252 255 246
245 255 252  27   0   0   0   0   0   0   0   0  23 252 255 246
245 255 252  27   0   0   0   0   0   0   0   0  23 252 255 246
245 255 252  27   0   0   0   0   0   0   0   0  23 252 255 246
245 255 252  27   0   0   0   0   0   0   0   0  23 252 255 246
245 255 252  27   0   0   0   0   0   0   0   0  23 252 255 246
245 255 252  27   0   0   0   0   0   0   0   0  23 252 255 246
245 255 252  27   0   0   0   0   0   0   0   0  23 252 255 246
245 255 251  65  43  43  43  43  43  43  43  43  62 252 255 246
245 254 253 253 253 253 253 253 253 253 253 253 252 253 255 246
245 255 255 255 255 255 255 255 255 255 255 255 255 255 255 246
229 238 238 238 238 238 238 238 238 238 238 238 238 238 238 230

243 246 246 246 246 246 246 246 246 246 246 246 246 246 246 230
252 255 255 255 255 255 255 255 255 255 255 255 255 255 255 238
252 254 253 252 252 252 252 252 252 252 252 252 252 253 255 238
252 254 247  35  23  23  23  23  23  23  23  23  62 252 255 238
252 255 248  13   0   0   0   0   0   0   0   0  43 253 255 238
252 255 248  13   0   0   0   0   0   0   0   0  43 253 255 238
252 255 248  13   0   0   0   0   0   0   0   0  43 253 255 238
252 255 248  13   0   0   0   0   0   0   0   0  43 253 255 238
252 255 248  13   0   0   0   0   0   0   0   0  43 253 255 238
252 255 248  13   0   0   0   0   0   0   0   0  43 253 255 238
252 255 248  13   0   0   0   0   0   0   0   0  43 253 255 238
252 255 248  13   0   0   0   0   0   0   0   0  43 253 255 238
252 255 248  39  27  27  27  27  27  27  27  27  65 253 255 238
252 254 251 252 252 252 252 252 252 252 252 252 251 253 255 238
251 255 254 255 255 255 255 255 255 255 255 255 255 254 255 238
241 245 245 245 245 245 245 245 245 245 245 245 245 245 245 229
243 246 246 246 246 246 246 246 246 246 246 246 246 246 246 230
252 255 255 255 255 255 255 255 255 255 255 255 255 255 255 238
252 254 253 252 252 252 252 252 252 252 252 252 252 253 255 238
252 254 247  35  23  23  23  23  23  23  23  23  62 252 255 238
252 255 248  13   0   0   0   0   0   0   0   0  43 253 255 238
252 255 248  13   0   0   0   0   0   0   0   0  43 253 255 238
252 255 248  13   0   0   0   0   0   0   0   0  43 253 255 238
252 255 248  13   0   0   0   0   0   0   0   0  43 253 255 238
252 255 248  13   0   0   0   0   0   0   0   0  43 253 255 238
252 255 248  13   0   0   0   0   0   0   0   0  43 253 255 238
252 255 248  13   0   0   0   0   0   0   0   0  43 253 255 238
252 255 248  13   0   0   0   0   0   0   0   0  43 253 255 238
252 255 248  39  27  27  27  27  27  27  27  27  65 253 255 238
252 254 251 252 252 252 252 252 252 252 252 252 251 253 255 238
251 255 254 255 255 255 255 255 255 255 255 255 255 254 255 238
241 245 245 245 245 245 245 245 245 245 245 245 245 245 245 229
243 246 246 246 246 246 246 246 246 246 246 246 246 246 246 230
252 255 255 255 255 255 255 255 255 255 255 255 255 255 255 238
252 254 253 252 252 252 252 252 252 252 252 252 252 253 255 238
252 254 247  35  23  23  23  23  23  23  23  23  62 252 255 238
252 255 248  13   0   0   0   0   0   0   0   0  43 253 255 238
252 255 248  13   0   0   0   0   0   0   0   0  43 253 255 238
252 255 248  13   0   0   0   0   0   0   0   0  43 253 255 238
252 255 248  13   0   0   0   0   0   0   0   0  43 253 255 238
252 255 248  13   0   0   0   0   0   0   0   0  43 253 255 238
252 255 248  13   0   0   0   0   0   0   0   0  43 253 255 238
252 255 248  13   0   0   0   0   0   0   0   0  43 253 255 238
252 255 248  13   0   0   0   0   0   0   0   0  43 253 255 238
252 255 248  39  27  27  27  27  27  27  27  27  65 253 255 238
252 254 251 252 252 252 252 252 252 252 252 252 251 253 255 238
251 255 254 255 255 255 255 255 255 255 255 255 255 254 255 238
241 245 245 245 245 245 245 245 245 245 245 245 245 245 245 229
